0
968
484
958
186
0
778
0
194
380
900
639
467
478
798
326
894
0
904
2
259
801
464
597
569
794
218
502
0
431
840
668
144
627
0
890
829
643
504
465
502
488
184
215
450
0
684
466
970
646
399
88
415
0
139
415
854
683
107
676
451
83
856
765
0
163
796
992
798
819
0
678
351
629
59
652
292
431
184
688
79
694
492
247
26
399
113
789
469
0
94
667
933
684
861
687
567
927
869
509
423
0
561
271
349
278
942
0
475
268
695
850
233
876
768
425
85
734
349
0
119
96
177
940
445
577
39
30
0
26
1
3
120
81
533
718
0
563
240
349
708
244
319
0
30
197
639
7
471
895
680
635
0
116
445
643
29
42
586
41
323
860
0
511
105
71
765
670
489
426
758
139
63
0
69
590
730
553
814
604
0
680
443
598
318
845
215
0
237
180
276
909
527
585
224
389
193
0
789
857
450
716
149
885
504
0
993
906
688
385
925
700
811
295
311
0
956
809
577
965
846
839
0
704
393
1
562
716
387
645
571
342
0
226
526
914
172
211
695
0
272
481
288
370
740
281
430
13
0
65
677
586
49
973
409
0
818
103
524
150
781
236
891
456
591
691
849
0
457
813
979
453
181
286
624
0
221
464
604
978
412
0
619
176
280
493
570
961
233
0
52
50
26
518
871
384
792
754
0
3
703
554
20
879
646
415
814
0
944
946
766
492
835
806
0
266
783
900
852
271
567
452
249
850
0
938
661
770
87
841
739
916
636
49
18
20
0
110
341
75
660
117
803
780
172
160
0
92
693
952
988
670
760
194
24
0
479
880
475
677
283
359
690
0
590
765
419
214
324
0
934
470
10
412
750
496
651
701
698
217
0
228
484
854
627
66
0
978
274
822
760
700
235
346
885
0
338
274
252
720
700
18
41
503
0
4
960
722
897
987
104
416
549
407
0
211
725
574
788
350
432
0
244
921
601
36
222
918
344
733
109
610
66
937
0
464
991
285
538
914
526
465
722
0
362
460
66
121
373
530
337
606
713
611
725
29
425
74
715
0
143
652
711
69
26
37
175
122
0
588
39
224
868
800
407
387
728
0
39
541
595
516
484
206
636
807
0
858
716
810
290
372
949
921
428
0
486
301
307
135
264
178
499
816
227
0
802
608
24
940
98
960
685
0
425
76
94
556
699
857
266
8
624
0
735
345
361
803
856
732
520
269
286
0
73
901
384
520
447
930
279
634
207
754
0
538
936
484
665
630
236
985
406
0
328
531
64
497
844
0
730
701
567
110
175
6
737
192
0
363
119
6
942
892
171
358
981
731
455
993
383
505
0
850
264
82
735
0
413
349
628
685
930
231
921
142
713
260
0
384
527
946
949
349
838
0
210
241
333
723
632
916
63
0
789
859
770
881
218
346
691
0
411
857
912
135
27
885
942
264
449
577
92
0
9
391
54
108
0
767
290
751
977
990
499
466
545
0
345
266
847
605
219
0
984
735
761
727
814
737
76
599
247
0
697
595
480
822
287
941
0
182
875
477
108
390
266
678
593
0
279
136
513
332
510
337
534
236
101
0
538
453
390
235
741
792
0
492
639
21
170
0
942
794
456
185
721
206
231
638
424
0
479
251
243
520
0
971
995
116
950
731
543
748
0
522
852
380
848
932
482
644
514
40
869
710
0
955
46
160
652
478
0
870
254
309
106
214
840
29
111
20
865
694
0
316
323
734
881
33
84
97
4
135
772
993
0
793
157
597
818
260
933
384
0
106
34
358
263
457
866
439
677
0
87
68
186
626
0
191
136
453
537
612
417
50
429
859
0
432
89
20
387
121
108
0
768
134
339
206
394
974
132
863
0
252
335
169
332
896
894
0
629
191
369
109
312
478
432
104
0
967
516
92
855
685
712
936
88
0
974
26
24
782
806
160
669
606
89
0
742
0
939
375
332
546
196
628
581
288
645
467
246
125
0
46
872
414
677
342
883
301
699
796
809
0
828
940
400
40
39
780
925
0
375
418
279
367
676
982
216
0
703
703
904
182
92
173
610
65
685
55
0
904
650
274
6
635
787
306
0
136
933
783
724
320
344
51
108
597
41
0
715
657
354
811
0
633
925
991
852
184
589
788
191
0
574
368
373
657
701
411
575
954
748
758
0
787
770
879
88
119
817
914
751
0
14
173
189
509
29
87
683
0
563
270
876
123
64
216
977
316
0
612
516
50
762
23
466
214
455
352
0
970
513
584
233
846
0
918
640
600
550
723
418
180
703
0
63
839
769
76
671
268
965
568
0
194
453
530
675
309
224
507
209
138
300
0
846
714
468
150
88
510
9
816
0
234
140
903
789
631
702
80
33
513
276
0
381
803
474
267
296
436
939
0
33
158
569
487
871
510
274
542
0
883
163
782
379
764
912
796
91
907
167
873
110
577
778
241
428
949
680
513
0
924
471
470
268
486
567
470
469
794
0
725
532
926
213
405
355
615
151
896
0
980
969
812
28
882
107
377
611
737
0
594
156
210
234
821
403
837
652
0
247
881
7
140
351
510
0
790
776
270
778
707
110
487
486
460
70
585
702
430
34
0
52
216
788
199
0
445
498
254
508
860
711
596
305
618
337
198
0
352
645
328
50
584
275
986
527
560
815
931
400
592
824
807
591
311
82
0
678
926
19
545
649
393
896
0
834
386
290
772
545
969
679
820
704
0
122
202
693
555
826
458
0
692
333
41
204
164
316
0
346
315
119
755
942
918
631
0
836
402
755
596
591
0
764
488
880
209
416
917
The sum of the part numbers is 540931
